4294967278,62
4294967278,61
4294967278,60
4294967278,59
4294967278,389
4294967279,87
4294967279,86
4294967279,84
4294967279,82
4294967279,80
4294967279,77
4294967279,76
4294967279,74
4294967279,73
4294967279,72
4294967279,71
4294967279,70
4294967279,69
4294967279,67
4294967279,66
4294967279,65
4294967279,63
4294967279,62
4294967279,61
4294967279,59
4294967279,58
4294967279,57
4294967279,54
4294967279,52
4294967279,50
4294967279,48
4294967279,47
4294967279,46
4294967279,45
4294967279,42
4294967279,41
4294967279,39
4294967279,38
4294967279,37
4294967279,36
4294967279,34
4294967279,33
4294967279,29
4294967279,28
4294967279,27
4294967279,25
4294967279,23
4294967279,21
4294967279,20
4294967279,19
4294967279,18
4294967279,16
4294967279,14
4294967279,13
4294967279,12
4294967279,11
4294967279,9
218,4
218,3
218,2
218,1
4294967294,1418
4294967279,168
4294967294,1415
4294967294,400
4294967294,385
4294967294,420
4294967294,191
4294967294,465
4294967294,464
4294967294,449
4294967278,310
4294967278,309
217,6
4294967279,163
4294967278,395
4294967278,346
4294967278,0
4294967279,304
217,5
217,4
217,3
217,2
217,1
4294967278,299
4294967278,156
4294967278,297
216,5
216,4
216,3
216,2
216,1
4294967279,301
4294967278,152
4294967278,295
4294967278,143
215,5
215,4
215,3
215,2
215,1
4294967278,144
4294967279,293
4294967278,142
4294967279,139
4294967278,141
4294967279,300
214,5
214,4
214,3
214,2
214,1
4294967278,290
4294967278,133
4294967294,388
4294967279,134
4294967279,532
4294967278,289
4294967278,305
4294967294,468
4294967279,279
4294967279,280
212,4
212,3
212,2
212,1
4294967278,268
4294967294,386
4294967294,387
4294967279,330
4294967278,394
4294967294,89
4294967294,1413
4294967294,898
4294967294,173
4294967278,262
4294967279,329
4294967294,419
4294967294,391
4294967294,162
4294967278,381
4294967279,524
4294967294,436
4294967294,18
4294967294,127
4294967294,14
4294967294,126
4294967294,20
4294967294,13
4294967279,562
4294967279,561
4294967279,309
4294967278,370
4294967279,252
4294967278,379
4294967278,239
4294967278,215
4294967278,325
4294967278,351
4294967279,322
4294967278,365
4294967279,556
211,4
211,3
211,2
211,1
4294967294,392
4294967294,115
4294967279,245
4294967279,243
4294967278,243
4294967278,241
210,6
4294967294,471
4294967279,236
4294967279,517
210,5
4294967279,235
4294967278,234
4294967279,233
210,4
4294967278,232
210,3
210,2
210,1
4294967279,231
4294967279,229
4294967279,227
4294967279,228
4294967278,227
4294967278,225
4294967279,225
209,5
4294967279,221
4294967278,220
209,4
4294967279,219
209,3
209,2
209,1
4294967279,218
4294967278,218
4294967294,393
4294967294,120
4294967279,217
4294967278,216
4294967294,76
4294967294,5
4294967294,42
4294967278,206
4294967294,397
4294967294,185
4294967294,903
4294967294,177
4294967294,406
4294967294,398
4294967294,414
4294967294,183
4294967294,175
4294967294,467
4294967294,457
4294967294,108
4294967294,1
4294967294,82
4294967279,214
4294967278,328
4294967279,514
4294967278,327
4294967279,211
4294967279,210
4294967279,209
208,5
208,4
0,7
4294967279,208
208,3
208,2
208,1
4294967278,377
4294967279,568
4294967294,902
4294967294,0
4294967279,203
4294967294,950
4294967294,949
4294967294,29
4294967294,921
4294967279,319
4294967279,544
207,5
4294967279,202
207,4
207,3
207,2
207,1
4294967279,199
4294967279,321
4294967278,317
4294967278,280
4294967278,195
4294967278,194
4294967279,328
4294967279,541
4294967279,0
4294967294,426
4294967294,423
4294967294,17
4294967294,99
4294967294,41
4294967294,416
4294967294,51
4294967294,52
4294967279,191
4294967278,190
4294967279,190
205,4
4294967278,189
205,3
205,2
205,1
4294967278,375
4294967279,189
4294967278,188
4294967294,469
4294967294,92
4294967294,91
4294967294,88
4294967294,87
4294967294,85
4294967294,83
4294967294,46
4294967294,389
4294967294,114
4294967294,2
4294967279,565
4294967278,373
4294967279,314
4294967294,107
4294967294,90
4294967294,86
4294967294,84
4294967294,418
4294967294,28
4294967294,920
4294967294,27
4294967294,53
4294967294,45
4294967294,44
4294967294,96
4294967294,94
4294967294,9
4294967294,8
4294967294,7
4294967278,319
4294967278,393
4294967294,6
4294967294,22
4294967278,315
4294967294,10
4294967294,188
4294967279,287
4294967278,314
4294967278,313
4294967279,538
4294967294,30
4294967294,61
4294967294,50
4294967294,470
4294967294,11
4294967278,132
4294967278,131
4294967278,130
4294967278,129
4294967278,128
4294967278,127
4294967278,126
4294967278,125
4294967278,124
4294967278,123
4294967278,122
4294967278,121
4294967278,120
4294967278,119
4294967278,118
4294967278,117
4294967278,116
4294967278,115
4294967278,114
4294967278,113
4294967278,112
4294967278,111
4294967278,110
4294967278,109
4294967278,108
4294967278,107
4294967278,106
4294967278,105
4294967278,104
4294967278,103
4294967278,102
4294967278,101
4294967278,100
4294967278,99
4294967278,98
4294967278,97
4294967278,96
4294967278,95
4294967278,94
4294967278,93
4294967278,92
4294967278,91
4294967278,90
4294967278,89
4294967278,87
4294967278,86
4294967278,85
4294967278,84
4294967278,83
4294967278,82
4294967278,81
4294967278,80
4294967278,79
4294967278,78
